c 0000
8 7600 Load address?
4 1326 7600
4 6326 7601
4 6322 7602
4 7450 7603
4 5202 7604
4 7421 7605
4 6322 7606
4 6321 7607
4 7340 7610
4 6327 7611
4 7701 7612
4 7104 7613
4 7430 7614
4 5225 7615
4 7004 7616
4 7430 7617
4 5230 7620
4 7004 7621
4 7630 7622
4 5234 7623
4 5200 7624
4 1327 7625
4 6326 7626
4 5237 7627
4 7330 7630
4 6326 7631
4 7305 7632
4 5237 7633
4 7332 7634
4 6326 7635
4 7307 7636
4 7106 7637
4 7001 7640
4 7421 7641
4 7303 7642
4 6326 7643
4 6365 7644
4 6364 7645
4 6373 7646
4 7000 7647
4 0326 7650
4 7640 7651
4 5261 7652
4 7325 7653
4 6375 7654
4 6373 7655
4 5255 7656
4 7300 7657
4 6365 7660
4 7721 7661
4 6375 7662
4 4316 7663
4 3330 7664
4 4316 7665
4 3331 7666
4 4316 7667
4 3730 7670
4 7521 7671
4 1730 7672
4 7521 7673
4 2330 7674
4 2331 7675
4 5267 7676
4 4316 7677
4 3330 7700
4 7325 7701
4 6375 7702
4 7303 7703
4 6327 7704
4 7721 7705
4 7041 7706
4 1330 7707
4 7402 7710
9 7710 Load Address
5 7650 7710
4 5727 7711
4 1326 7712
4 6311 7713
4 7325 7714
4 5200 7715
4 0000 7716
4 6373 7717
4 5317 7720
4 0240 7721
4 7650 7722
4 5312 7723
4 6376 7724
4 5716 7725
4 0010 7726
4 0200 7727
8 7756 Load Address
4 6014 HSRIM
4 6011 HSRIM
4 5357 HSRIM
4 6016 HSRIM
4 7106 HSRIM
4 7006 HSRIM
4 7510 HSRIM
4 5374 HSRIM
4 7006 HSRIM
4 6011 HSRIM
4 5367 HSRIM
4 6016 HSRIM
4 7420 HSRIM
4 3776 HSRIM
4 3376 HSRIM
4 5357 HSRIM
9 7756 Load address
5 6032 LSRIM
5 6031 LSRIM
5 5357 LSRIM
5 6036 LSRIM
5 7106 LSRIM
5 7006 LSRIM
5 7510 LSRIM
5 5357 LSRIM
5 7006 LSRIM
5 6031 LSRIM
5 5367 LSRIM
5 6034 LSRIM
9 7775 Load address
5 5356 LSRIM
4 0000 LSRIM
4 5301 LSRIM
8 7600
2 0000
