c 0000 EAL 0 0
8 7000 Load address
4 6203 7000
4 5602 7001
4 7003 7002
4 7604 7003
4 7500 7004
4 5217 7005
4 7200 7006
4 6305 7007
4 6304 7010
4 6300 7011
4 5211 7012
4 6306 7013
4 7440 7014
4 7402 7015
4 5275 7016
4 6700 7017
4 6701 7020
4 6703 7021
4 0305 7022
4 7640 7023
4 5221 7024
4 6701 7025
4 1306 7026
4 6702 7027
4 2312 7030
4 6705 7031
4 5231 7032
4 6703 7033
4 0307 7034
4 7440 7035
4 7402 7036
4 7305 7037
4 6701 7040
4 7201 7041
4 6702 7042
4 6701 7043
4 3312 7044
4 1310 7045
4 6702 7046
4 7325 7047
4 6701 7050
4 4261 7051
4 7002 7052
4 3313 7053
4 4261 7054
4 1313 7055
4 3712 7056
4 2312 7057
4 5251 7060
4 7000 7061
4 6704 7062
4 5267 7063
4 6703 7064
4 0311 7065
4 5661 7066
4 6705 7067
4 5262 7070
4 6701 7071
4 6703 7072
4 7440 7073
4 7402 7074
4 7200 7075
4 6701 7076
4 5001 7077
4 0000 7100
4 0000 7101
4 0000 7102
4 0000 7103
4 0000 7104
4 0001 7105
4 0016 7106
4 0233 7107
4 0210 7110
4 0077 7111
4 0000 7112
4 0000 7113
8 7000 Load address
2 0000 Clear, Continue
